           1
           1
           1
           1
           1
           1
           1
           1
           1
           1
           1
           1
           1
           1
           1
           1
           2
           2
           2
           2
           2
           2
           2
           2
           2
           2
           2
           2
           2
           2
           2
           2
           2
           2
           2
           2
           3
           3
           3
           3
           3
           3
           3
           3
           3
           3
           3
           3
           3
           3
           4
           4
           4
           4
           4
           4
           4
           4
           4
           4
           4
           4
           4
           4
           4
           4
           4
           4
           5
           5
           5
           5
           5
           5
           5
           5
           5
           5
           6
           6
           6
           6
           6
           6
           6
           6
           6
           6
           7
           7
           7
           7
           7
           7
           7
           7
           8
           8
           8
           9
           9
           9
           9
           9
           9
          10
          10
          10
          10
          10
          10
          10
          10
          10
          11
          11
          11
          11
          11
          11
          12
          12
          13
          13
          14
          14
          15
          15
          15
          16
          16
          16
          16
          17
          17
          17
          17
          18
          18
          18
          18
          19
          19
          19
          19
          19
          19
          19
          19
          20
          21
          21
          21
          21
          21
          22
          23
          23
          23
          24
          24
          25
          26
          26
          26
          26
          27
          27
          27
          28
          28
          29
          29
          30
          30
          31
          31
          31
          31
          31
          31
          33
          33
          34
          36
          36
          37
          37
          38
          38
          38
          38
          39
          39
          39
          40
          40
          41
          42
          43
          43
          44
          44
          44
          44
          45
          45
          45
          46
          46
          47
          47
          49
          49
          50
          50
          50
          50
          52
          52
          53
          53
          54
          54
          54
          56
          56
          56
          57
          57
          57
          58
          58
          58
          59
          59
          59
          61
          61
          61
          62
          63
          63
          63
          64
          64
          64
          65
          65
          65
          65
          66
          67
          67
          68
          68
          70
          70
          70
          72
          73
          74
          75
          75
          75
          76
          77
          80
          80
          81
          81
          81
          81
          82
          83
          83
          83
          84
          84
          84
          84
          85
          85
          86
          87
          87
          87
          87
          88
          88
          89
          89
          89
          89
          90
          91
          91
          91
          92
          92
          92
          93
          93
          93
          94
          94
          95
          95
          95
          95
          96
          96
          96
          98
          99
         100
         100
         100
         101
         101
         101
         101
         101
         101
         102
         103
         103
         103
         104
         104
         104
         104
         104
         105
         106
         106
         106
         107
         107
         108
         108
         108
         109
         110
         110
         111
         111
         111
         111
         111
         113
         113
         113
         114
         114
         114
         115
         115
         117
         118
         118
         119
         119
         120
         120
         120
         121
         123
         124
         124
         124
         125
         126
         126
         126
         127
         128
         128
         129
         129
         130
         130
         131
         131
         131
         132
         132
         133
         134
         134
         135
         135
         135
         137
         137
         137
         137
         138
         140
         140
         140
         140
         140
         141
         141
         143
         145
         146
         146
         146
         146
         146
         147
         148
         148
         149
         149
         150
         150
         152
         153
         153
         153
         154
         155
         155
         155
         156
         156
         156
         156
         157
         157
         157
         158
         158
         158
         159
         159
         159
         160
         160
         160
         161
         161
         164
         164
         164
         164
         164
         164
         165
         165
         167
         168
         168
         168
         168
         168
         168
         169
         169
         169
         170
         170
         170
         172
         173
         173
         173
         173
         173
         174
         174
         174
         174
         175
         175
         176
         176
         176
         176
         177
         178
         179
         179
         180
         181
         181
         183
         183
         183
         183
         184
         184
         185
         185
         187
         187
         188
         189
         190
         190
         190
         190
         190
         191
         191
         192
         193
         193
         195
         195
         196
         197
         197
         199
         199
         199
         200
         200
         200
         201
         201
         201
         201
         201
         202
         202
         203
         204
         204
         204
         205
         205
         206
         206
         207
         207
         208
         209
         209
         209
         209
         209
         209
         210
         211
         211
         212
         212
         213
         213
         214
         214
         215
         216
         216
         218
         218
         219
         219
         219
         220
         220
         222
         223
         223
         223
         223
         224
         225
         226
         226
         227
         228
         229
         231
         232
         233
         234
         235
         235
         237
         237
         238
         238
         238
         239
         239
         240
         240
         240
         240
         241
         242
         242
         242
         243
         243
         245
         246
         246
         246
         246
         247
         248
         248
         248
         249
         250
         252
         252
         252
         253
         254
         254
         254
         255
         255
         256
         256
         256
         256
         256
         257
         257
         258
         261
         261
         262
         263
         263
         263
         265
         266
         267
         268
         268
         268
         269
         269
         269
         269
         269
         270
         270
         270
         270
         271
         271
         272
         272
         274
         275
         275
         276
         277
         277
         277
         279
         279
         280
         281
         281
         281
         281
         282
         283
         283
         283
         283
         283
         284
         284
         285
         286
         287
         287
         288
         289
         290
         291
         291
         291
         292
         293
         294
         294
         294
         294
         295
         295
         296
         296
         297
         297
         297
         298
         299
         300
         302
         304
         304
         305
         305
         307
         307
         308
         308
         308
         309
         309
         309
         309
         309
         310
         311
         312
         313
         316
         317
         317
         319
         319
         319
         319
         320
         321
         321
         321
         321
         323
         323
         324
         325
         326
         326
         326
         327
         327
         328
         328
         328
         329
         329
         331
         332
         332
         335
         337
         337
         338
         338
         339
         340
         340
         341
         341
         342
         346
         347
         348
         349
         351
         351
         351
         352
         352
         353
         355
         357
         357
         359
         360
         360
         360
         361
         362
         362
         362
         364
         364
         366
         366
         367
         367
         370
         371
         373
         374
         375
         375
         376
         377
         378
         378
         381
         382
         384
         384
         384
         388
         388
         389
         392
         394
         394
         395
         396
         397
         400
         400
         400
         401
         401
         403
         404
         405
         406
         408
         408
         411
         412
         412
         414
         414
         417
         417
         417
         417
         418
         418
         423
         424
         425
         427
         429
         430
         431
         431
         432
         433
         434
         434
         435
         435
         437
         438
         438
         439
         439
         439
         440
         441
         442
         442
         446
         446
         446
         447
         447
         450
         450
         451
         451
         453
         453
         453
         453
         454
         455
         456
         456
         458
         461
         464
         465
         465
         466
         466
         467
         467
         468
         468
         468
         469
         469
         469
         470
         471
         474
         475
         476
         481
         481
         481
         483
         483
         485
         485
         486
         489
         489
         493
         495
         496
         497
         498
         499
         502
         504
         506
         507
         507
         508
         508
         509
         511
         511
         512
         514
         515
         516
         516
         519
         519
         521
         524
         531
         531
         531
         532
         533
         536
         537
         539
         543
         545
         549
         550
         551
         554
         557
         558
         558
         559
         559
         560
         560
         561
         562
         563
         565
         567
         568
         569
         572
         572
         575
         577
         582
         583
         588
         592
         592
         593
         595
         598
         600
         604
         604
         606
         618
         624
         631
         631
         632
         633
         634
         638
         642
         650
         652
         653
         667
         672
         677
         678
         678
         681
         684
         685
         687
         689
         699
         708
         709
         711
         711
         712
         721
         723
         734
         740
         742
         760
         762
         771
         777
         778
         784
         790
         790
         792
         793
         799
         817
         820
         828
         831
         836
         842
         845
         854
         855
         858
         859
         867
         872
         882
         890
         902
         902
         921
         926
         935
         945
         949
         967
         967
         979
         992
        1013
        1014
        1042
        1043
        1044
        1060
        1070
        1088
        1173
        1230
        1323
        1389
        1512
        1519
        1994
