0.000000000000000000e+00 1.000000000000000000e+00
1.000000000000000056e-01 9.950041652780257095e-01
2.000000000000000111e-01 9.800665778412416262e-01
3.000000000000000444e-01 9.553364891256059810e-01
4.000000000000000222e-01 9.210609940028851028e-01
5.000000000000000000e-01 8.775825618903727587e-01
6.000000000000000888e-01 8.253356149096782168e-01
7.000000000000000666e-01 7.648421872844883840e-01
8.000000000000000444e-01 6.967067093471654982e-01
9.000000000000000222e-01 6.216099682706645035e-01
1.000000000000000000e+00 5.403023058681397650e-01
1.100000000000000089e+00 4.535961214255773144e-01
1.200000000000000178e+00 3.623577544766733993e-01
1.300000000000000044e+00 2.674988286245873481e-01
1.400000000000000133e+00 1.699671429002408141e-01
1.500000000000000000e+00 7.073720166770290640e-02
1.600000000000000089e+00 -2.919952230128881540e-02
1.700000000000000178e+00 -1.288444942955248584e-01
1.800000000000000044e+00 -2.272020946930871088e-01
1.900000000000000133e+00 -3.232895668635035746e-01
2.000000000000000000e+00 -4.161468365471424069e-01
2.100000000000000089e+00 -5.048461045998574592e-01
2.200000000000000178e+00 -5.885011172553458181e-01
2.300000000000000266e+00 -6.662760212798243264e-01
2.400000000000000355e+00 -7.373937155412457756e-01
2.500000000000000000e+00 -8.011436155469336962e-01
2.600000000000000089e+00 -8.568887533689473202e-01
2.700000000000000178e+00 -9.040721420170612088e-01
2.800000000000000266e+00 -9.422223406686582869e-01
2.900000000000000355e+00 -9.709581651495906574e-01
3.000000000000000000e+00 -9.899924966004454152e-01
3.100000000000000089e+00 -9.991351502732794820e-01
3.200000000000000178e+00 -9.982947757947531198e-01
3.300000000000000266e+00 -9.874797699088648795e-01
3.400000000000000355e+00 -9.667981925794608689e-01
3.500000000000000000e+00 -9.364566872907963413e-01
3.600000000000000089e+00 -8.967584163341469905e-01
3.700000000000000178e+00 -8.481000317104080422e-01
3.800000000000000266e+00 -7.909677119144165047e-01
3.900000000000000355e+00 -7.259323042001398774e-01
4.000000000000000000e+00 -6.536436208636119405e-01
4.100000000000000533e+00 -5.748239465332685150e-01
4.200000000000000178e+00 -4.902608213406994819e-01
4.299999999999999822e+00 -4.007991720799754520e-01
4.400000000000000355e+00 -3.073328699784193541e-01
4.500000000000000000e+00 -2.107957994307797234e-01
4.600000000000000533e+00 -1.121525269350539811e-01
4.700000000000000178e+00 -1.238866346289056036e-02
4.800000000000000711e+00 8.749898343944728651e-02
4.900000000000000355e+00 1.865123694225757356e-01
5.000000000000000000e+00 2.836621854632263018e-01
5.100000000000000533e+00 3.779777427129810685e-01
5.200000000000000178e+00 4.685166713003771077e-01
5.300000000000000711e+00 5.543743361791615420e-01
5.400000000000000355e+00 6.346928759426345712e-01
5.500000000000000000e+00 7.086697742912599907e-01
5.600000000000000533e+00 7.755658785102501618e-01
5.700000000000000178e+00 8.347127848391597826e-01
5.800000000000000711e+00 8.855195169413193623e-01
5.900000000000000355e+00 9.274784307440359088e-01
6.000000000000000000e+00 9.601702866503660783e-01
6.100000000000000533e+00 9.832684384425847135e-01
6.200000000000000178e+00 9.965420970232174991e-01
